316 248
317 248
320 247
321 246
322 248
323 246
325 247
327 249
334 251
336 249
337 250
340 248
346 247
350 247
354 245
358 249
357 252
357 253
357 257
369 256
368 258
369 259
370 257
375 255
376 257
380 256
382 263
380 263
387 263
397 266
400 265
0 0
409 263
415 265
416 266
418 269
426 266
431 266
441 266
445 246
453 273
456 280
460 276
464 275
469 273
473 270
0 0
484 276
488 279
494 280
498 284
0 0
504 285
0 0
508 288
0 0
513 291
514 294
514 292
515 291
515 291
518 293
519 296
519 293
519 293
515 287
518 287
520 288
518 286
517 287
515 289
514 286
514 285
513 286
514 285
514 284
515 285
515 283
0 0
0 0
0 0
0 0
0 0
507 279
0 0
507 270
508 268
505 272
507 270
505 271
505 269
502 272
501 273
499 266
502 273
501 273
502 273
501 273
500 274
497 272
496 272
495 273
494 273
494 272
492 266
493 267
493 265
491 267
491 269
489 268
489 275
487 275
486 276
485 277
485 277
486 276
485 275
476 277
475 274
471 269
469 268
468 269
460 267
0 0
453 268
447 256
447 258
447 261
444 262
442 262
442 266
437 266
436 263
435 266
432 267
431 269
430 269
0 0
0 0
0 0
0 0
0 0
0 0
0 0
0 0
0 0
382 255
377 256
373 252
368 255
366 254
356 253
351 239
344 251
338 252
334 254
333 255
326 257
324 257
321 257
318 258
315 257
311 256
311 255
307 260
