323
323
322
323
323
323
323
322
323
322
322
322
322
323
323
323
323
323
321
321
321
321
320
320
320
320
318
319
319
319
317
317
317
317
318
318
318
318
316
316
316
316
317
317
317
317
316
316
316
316
316
316
316
316
315
315
315
315
316
316
316
316
315
315
315
315
311
311
311
311
309
309
309
309
310
310
310
310
308
308
308
308
310
310
310
310
309
310
309
309
311
311
311
311
310
310
310
310
304
304
304
304
306
306
306
306
304
304
304
304
304
304
304
304
305
305
305
305
305
305
305
305
305
305
305
305
304
304
304
305
304
