397
396
396
396
396
397
397
398
397
397
397
397
397
397
397
397
397
397
396
396
396
396
395
395
395
395
394
394
394
394
392
392
392
392
393
393
393
393
392
392
392
392
393
393
392
392
391
391
391
391
394
394
394
395
394
394
394
394
391
391
391
392
389
388
391
389
388
388
388
388
386
386
386
386
386
386
386
386
384
384
384
384
399
399
399
399
399
398
398
398
398
398
398
398
395
395
395
395
392
392
392
392
399
399
399
399
392
392
392
392
393
393
394
395
401
403
403
402
403
403
403
403
401
401
401
401
400
400
400
403
401
